[gd_scene load_steps=49 format=2]

[ext_resource path="res://Scenes/KinematicBody.gd" type="Script" id=1]
[ext_resource path="res://Scenes/Car.tscn" type="PackedScene" id=2]
[ext_resource path="res://Scenes/wall.tscn" type="PackedScene" id=3]
[ext_resource path="res://Assets/Racing/roadStraightLongMid.glb" type="PackedScene" id=4]
[ext_resource path="res://Assets/Racing/roadCurved.glb" type="PackedScene" id=5]
[ext_resource path="res://Assets/Racing/roadStartPositions.glb" type="PackedScene" id=6]
[ext_resource path="res://Assets/Racing/roadStraightArrow.glb" type="PackedScene" id=7]
[ext_resource path="res://Assets/Racing/roadCornerBridgeLarge.glb" type="PackedScene" id=8]
[ext_resource path="res://Assets/Racing/Ramp.tscn" type="PackedScene" id=9]
[ext_resource path="res://Scenes/curve.tscn" type="PackedScene" id=10]
[ext_resource path="res://Scenes/road.tscn" type="PackedScene" id=11]
[ext_resource path="res://Scenes/road2.tscn" type="PackedScene" id=12]
[ext_resource path="res://Assets/Racing/overheadRound.glb" type="PackedScene" id=13]
[ext_resource path="res://Assets/Nature/naturePack_077.gltf" type="PackedScene" id=14]
[ext_resource path="res://Assets/Nature/naturePack_043.gltf" type="PackedScene" id=15]
[ext_resource path="res://Assets/Nature/naturePack_041.gltf" type="PackedScene" id=16]
[ext_resource path="res://Assets/Nature/naturePack_040.gltf" type="PackedScene" id=17]
[ext_resource path="res://Assets/Nature/naturePack_032.gltf" type="PackedScene" id=18]
[ext_resource path="res://Assets/Nature/naturePack_028.gltf" type="PackedScene" id=19]
[ext_resource path="res://Assets/Nature/naturePack_026.gltf" type="PackedScene" id=20]
[ext_resource path="res://Scenes/ramp.tscn" type="PackedScene" id=21]
[ext_resource path="res://Assets/Racing/roadCornerBridgeSmall.glb" type="PackedScene" id=22]
[ext_resource path="res://Assets/Racing/roadSplitLarge.glb" type="PackedScene" id=23]
[ext_resource path="res://Assets/Racing/grandStandAwning.glb" type="PackedScene" id=24]
[ext_resource path="res://Assets/Racing/grandStandCovered.glb" type="PackedScene" id=25]
[ext_resource path="res://Assets/Racing/overheadRoundColored.glb" type="PackedScene" id=26]
[ext_resource path="res://Assets/OstrichSans-Heavy.otf" type="DynamicFontData" id=27]
[ext_resource path="res://Scenes/Lap.gd" type="Script" id=28]
[ext_resource path="res://Scenes/Label.gd" type="Script" id=29]
[ext_resource path="res://Scenes/Welcome Text.gd" type="Script" id=30]
[ext_resource path="res://Scenes/finish.tscn" type="PackedScene" id=31]

[sub_resource type="SpatialMaterial" id=1]
albedo_color = Color( 0.0352941, 0.156863, 0.572549, 0 )

[sub_resource type="PlaneMesh" id=2]
material = SubResource( 1 )
size = Vector2( 20, 20 )

[sub_resource type="ConvexPolygonShape" id=3]
points = PoolVector3Array( 10, 0, 10, -10, 0, 10, 10, 0, -10, -10, 0, -10 )

[sub_resource type="CapsuleShape" id=4]
radius = 0.500862
height = 1.00264

[sub_resource type="BoxShape" id=5]
extents = Vector3( 0.4, 0.1, 0.4 )

[sub_resource type="PhysicsMaterial" id=6]

[sub_resource type="PhysicsMaterial" id=7]

[sub_resource type="PhysicsMaterial" id=8]

[sub_resource type="PhysicsMaterial" id=9]

[sub_resource type="PhysicsMaterial" id=10]

[sub_resource type="PhysicsMaterial" id=11]

[sub_resource type="PhysicsMaterial" id=12]

[sub_resource type="PhysicsMaterial" id=13]

[sub_resource type="PhysicsMaterial" id=14]

[sub_resource type="DynamicFont" id=15]
size = 35
outline_color = Color( 0, 0, 0, 1 )
font_data = ExtResource( 27 )

[sub_resource type="DynamicFont" id=16]
size = 30
font_data = ExtResource( 27 )

[sub_resource type="DynamicFont" id=17]
size = 30
font_data = ExtResource( 27 )

[node name="World" type="Spatial"]

[node name="Ground" type="StaticBody" parent="."]
transform = Transform( 1, 0, 0, 0, 1, 0, 0, 0, 1, -0.101685, 0, 0 )

[node name="MeshInstance" type="MeshInstance" parent="Ground"]
transform = Transform( 3, 0, 0, 0, 3, 0, 0, 0, 3, -0.0506966, 0.0584255, 0.0231186 )
mesh = SubResource( 2 )
material/0 = null

[node name="MeshInstance2" type="MeshInstance" parent="Ground"]
transform = Transform( 10, 0, 0, 0, 3, 0, 0, 0, 10, -0.0489506, -3.77667, -29.8456 )
mesh = SubResource( 2 )
material/0 = null

[node name="CollisionShape" type="CollisionShape" parent="Ground"]
transform = Transform( 10, 0, 0, 0, 10, 0, 0, 0, 1.2, 0.150825, 0, 0 )
shape = SubResource( 3 )

[node name="CollisionShape2" type="CollisionShape" parent="Ground"]
transform = Transform( 10, 0, 0, 0, 10, 0, 0, 0, 2, 0.150825, -3.73987, -33.3549 )
shape = SubResource( 3 )

[node name="DirectionalLight" type="DirectionalLight" parent="."]
transform = Transform( 0.939326, 0.165016, 0.300728, -0.320125, 0.736663, 0.595691, -0.123237, -0.655818, 0.744792, 0, 4.22297, 0 )
shadow_enabled = true
shadow_color = Color( 0.129412, 0.145098, 0.160784, 1 )

[node name="KinematicBody" type="KinematicBody" parent="."]
transform = Transform( 1, 0, 0, 0, 1, 0, 0, 0, 1, 0, 0.313689, 0 )
script = ExtResource( 1 )

[node name="Body" type="CollisionShape" parent="KinematicBody"]
transform = Transform( 1, 0, 0, 0, -4.37114e-08, -1, 0, 1, -4.37114e-08, 0, 0.782668, 0 )
shape = SubResource( 4 )

[node name="Feet" type="CollisionShape" parent="KinematicBody"]
transform = Transform( 1, 0, 0, 0, 1, 0, 0, 0, 1, 0, -0.0772482, 0 )
shape = SubResource( 5 )

[node name="Pivot" type="Spatial" parent="KinematicBody"]

[node name="Camera" type="Camera" parent="KinematicBody/Pivot"]
transform = Transform( -4.37114e-08, 0, 1, 0, 1, 0, -1, 0, -4.37114e-08, 0, 0.249293, 0 )

[node name="Car" parent="KinematicBody" instance=ExtResource( 2 )]
transform = Transform( -1.09278e-08, 0, -0.25, 0, 0.25, 0, 0.25, 0, -1.09278e-08, -0.877818, -0.0964627, -0.00142178 )

[node name="Walls" type="Spatial" parent="."]
editor/display_folded = true
transform = Transform( 5, 0, 0, 0, 1, 0, 0, 0, 1, 0, 0, 0 )

[node name="Wall" parent="Walls" instance=ExtResource( 3 )]
transform = Transform( 0.2, 0, 0, 0, 1, 0, 0, 0, 1, -0.176542, 0.15187, 1.50426 )
mode = 1
mass = 23.6745
physics_material_override = SubResource( 6 )
gravity_scale = 0.0
axis_lock_linear_x = true

[node name="Wall10" parent="Walls" instance=ExtResource( 3 )]
transform = Transform( 0.2, 0, 0, 0, 1, 0, 0, 0, 1, -0.176542, 0.15187, -0.300025 )
mode = 1
mass = 23.6745
physics_material_override = SubResource( 6 )
gravity_scale = 0.0
axis_lock_linear_x = true

[node name="Wall28" parent="Walls" instance=ExtResource( 3 )]
transform = Transform( 0.2, 0, 0, 0, 1, 0, 0, 0, 1, 0.071721, 0.117889, -6.38835 )
mode = 1
mass = 23.6745
physics_material_override = SubResource( 6 )
gravity_scale = 0.0
axis_lock_linear_x = true

[node name="Wall29" parent="Walls" instance=ExtResource( 3 )]
transform = Transform( 0.2, 0, 0, 0, 1, 0, 0, 0, 1, 0.269897, 0.117889, -6.38835 )
mode = 1
mass = 23.6745
physics_material_override = SubResource( 6 )
gravity_scale = 0.0
axis_lock_linear_x = true

[node name="Wall30" parent="Walls" instance=ExtResource( 3 )]
transform = Transform( 0.2, 0, 0, 0, 1, 0, 0, 0, 1, 0.46701, 0.117889, -6.38835 )
mode = 1
mass = 23.6745
physics_material_override = SubResource( 6 )
gravity_scale = 0.0
axis_lock_linear_x = true

[node name="Wall31" parent="Walls" instance=ExtResource( 3 )]
transform = Transform( 0.2, 0, 0, 0, 1, 0, 0, 0, 1, 0.663359, 0.117889, -6.38835 )
mode = 1
mass = 23.6745
physics_material_override = SubResource( 6 )
gravity_scale = 0.0
axis_lock_linear_x = true

[node name="Wall11" parent="Walls" instance=ExtResource( 3 )]
transform = Transform( 0.2, 0, 0, 0, 1, 0, 0, 0, 1, -0.37562, 0.15187, -0.305261 )
mode = 1
mass = 23.6745
physics_material_override = SubResource( 6 )
gravity_scale = 0.0
axis_lock_linear_x = true

[node name="Wall12" parent="Walls" instance=ExtResource( 3 )]
transform = Transform( 0.2, 0, 0, 0, 1, 0, 0, 0, 1, -0.574858, 0.15187, -0.301139 )
mode = 1
mass = 23.6745
physics_material_override = SubResource( 6 )
gravity_scale = 0.0
axis_lock_linear_x = true

[node name="Wall13" parent="Walls" instance=ExtResource( 3 )]
transform = Transform( 0.2, 0, 0, 0, 1, 0, 0, 0, 1, -0.772943, 0.15187, -0.305462 )
mode = 1
mass = 23.6745
physics_material_override = SubResource( 6 )
gravity_scale = 0.0
axis_lock_linear_x = true

[node name="Wall14" parent="Walls" instance=ExtResource( 3 )]
transform = Transform( 0.2, 0, 0, 0, 1, 0, 0, 0, 1, -0.977869, 0.15187, -0.305462 )
mode = 1
mass = 23.6745
physics_material_override = SubResource( 6 )
gravity_scale = 0.0
axis_lock_linear_x = true

[node name="Wall2" parent="Walls" instance=ExtResource( 3 )]
transform = Transform( 0.2, 0, 0, 0, 1, 0, 0, 0, 1, -0.378395, 0.15187, 1.50426 )
mode = 1
mass = 57.4235
physics_material_override = SubResource( 7 )
gravity_scale = 0.0
axis_lock_linear_x = true

[node name="Wall3" parent="Walls" instance=ExtResource( 3 )]
transform = Transform( 0.2, 0, 0, 0, 1, 0, 0, 0, 1, -0.573047, 0.15187, 1.50426 )
mode = 1
physics_material_override = SubResource( 8 )
axis_lock_linear_x = true

[node name="Wall4" parent="Walls" instance=ExtResource( 3 )]
transform = Transform( 0.2, 0, 0, 0, 1, 0, 0, 0, 1, -0.773071, 0.15187, 1.50426 )
mode = 1
physics_material_override = SubResource( 9 )
axis_lock_linear_x = true

[node name="Wall5" parent="Walls" instance=ExtResource( 3 )]
transform = Transform( 0.2, 0, 0, 0, 1, 0, 0, 0, 1, -0.972977, 0.15187, 1.50426 )
mode = 1
physics_material_override = SubResource( 10 )
axis_lock_linear_x = true

[node name="Wall6" parent="Walls" instance=ExtResource( 3 )]
transform = Transform( 0.2, 0, 0, 0, 1, 0, 0, 0, 1, -1.55248, 0.15187, 2.59023 )
mode = 1
physics_material_override = SubResource( 11 )
axis_lock_linear_x = true

[node name="Wall7" parent="Walls" instance=ExtResource( 3 )]
transform = Transform( 0.2, 0, 0, 0, 1, 0, 0, 0, 1, -1.75315, 0.15187, 2.59023 )
mode = 1
physics_material_override = SubResource( 12 )
axis_lock_linear_x = true

[node name="Wall19" parent="Walls" instance=ExtResource( 3 )]
transform = Transform( 0.2, 0, 0, 0, 1, 0, 0, 0, 1, -1.95679, 0.15187, 2.59023 )
mode = 1
physics_material_override = SubResource( 12 )
axis_lock_linear_x = true

[node name="Wall8" parent="Walls" instance=ExtResource( 3 )]
transform = Transform( 0.2, 0, 0, 0, 1, 0, 0, 0, 1, -1.75315, 0.170284, 0.816643 )
mode = 1
physics_material_override = SubResource( 13 )
axis_lock_linear_x = true

[node name="Wall9" parent="Walls" instance=ExtResource( 3 )]
transform = Transform( 0.2, 0, 0, 0, 1, 0, 0, 0, 1, -1.55179, 0.172929, 0.816643 )
mode = 1
physics_material_override = SubResource( 14 )
axis_lock_linear_x = true

[node name="Wall15" parent="Walls" instance=ExtResource( 3 )]
transform = Transform( -0.00805318, 0, 0.199838, 0, 1, 0, -0.999189, 0, -0.0402659, -2.22329, 0.194946, -1.35978 )
mode = 1
physics_material_override = SubResource( 14 )
axis_lock_linear_x = true

[node name="Wall16" parent="Walls" instance=ExtResource( 3 )]
transform = Transform( -0.00378618, 0, 0.199964, 0, 1, 0, -0.999821, 0, -0.0189309, -1.88705, 0.203377, -1.37068 )
mode = 1
physics_material_override = SubResource( 14 )
axis_lock_linear_x = true

[node name="Wall17" parent="Walls" instance=ExtResource( 3 )]
transform = Transform( -0.00378618, 0, 0.199964, 0, 1, 0, -0.999821, 0, -0.0189309, -1.89021, 0.203377, -2.35518 )
mode = 1
physics_material_override = SubResource( 14 )
axis_lock_linear_x = true

[node name="Wall20" parent="Walls" instance=ExtResource( 3 )]
transform = Transform( -0.00378618, 0, 0.199964, 0, 1, 0, -0.999821, 0, -0.0189309, -1.89021, 0.203377, -3.35582 )
mode = 1
physics_material_override = SubResource( 14 )
axis_lock_linear_x = true

[node name="Wall21" parent="Walls" instance=ExtResource( 3 )]
transform = Transform( -0.00378618, 0, 0.199964, 0, 1, 0, -0.999821, 0, -0.0189309, -1.89021, 0.203377, -4.35508 )
mode = 1
physics_material_override = SubResource( 14 )
axis_lock_linear_x = true

[node name="Wall24" parent="Walls" instance=ExtResource( 3 )]
transform = Transform( -0.00378618, 0, 0.199964, 0, 1, 0, -0.999821, 0, -0.0189309, -1.86747, 0.814302, -9.29281 )
mode = 1
physics_material_override = SubResource( 14 )
axis_lock_linear_x = true

[node name="Wall25" parent="Walls" instance=ExtResource( 3 )]
transform = Transform( -0.00378618, 0, 0.199964, 0, 1, 0, -0.999821, 0, -0.0189309, -1.86747, 0.814302, -10.2821 )
mode = 1
physics_material_override = SubResource( 14 )
axis_lock_linear_x = true

[node name="Wall26" parent="Walls" instance=ExtResource( 3 )]
transform = Transform( -0.00378618, 0, 0.199964, 0, 1, 0, -0.999821, 0, -0.0189309, -2.22818, 0.814302, -10.2821 )
mode = 1
physics_material_override = SubResource( 14 )
axis_lock_linear_x = true

[node name="Wall27" parent="Walls" instance=ExtResource( 3 )]
transform = Transform( -0.00378618, 0, 0.199964, 0, 1, 0, -0.999821, 0, -0.0189309, -2.22818, 0.814302, -9.27873 )
mode = 1
physics_material_override = SubResource( 14 )
axis_lock_linear_x = true

[node name="Wall18" parent="Walls" instance=ExtResource( 3 )]
transform = Transform( -0.00378618, 0, 0.199964, 0, 1, 0, -0.999821, 0, -0.0189309, -2.23281, 0.203377, -2.34436 )
mode = 1
physics_material_override = SubResource( 14 )
axis_lock_linear_x = true

[node name="Wall22" parent="Walls" instance=ExtResource( 3 )]
transform = Transform( -0.00378618, 0, 0.199964, 0, 1, 0, -0.999821, 0, -0.0189309, -2.23281, 0.203377, -3.35129 )
mode = 1
physics_material_override = SubResource( 14 )
axis_lock_linear_x = true

[node name="Wall23" parent="Walls" instance=ExtResource( 3 )]
transform = Transform( -0.00378618, 0, 0.199964, 0, 1, 0, -0.999821, 0, -0.0189309, -2.23281, 0.203377, -4.348 )
mode = 1
physics_material_override = SubResource( 14 )
axis_lock_linear_x = true

[node name="RoadNode" type="Node" parent="."]
editor/display_folded = true

[node name="Road Straight" parent="RoadNode" instance=ExtResource( 4 )]
transform = Transform( -0.0235667, 0, 0.999931, 0, 1, 0, -1.99986, 0, -0.0117834, -2.55235, 0.159842, 0.208295 )

[node name="Road Straight2" parent="RoadNode" instance=ExtResource( 4 )]
transform = Transform( -0.0235667, 0, 0.999931, 0, 1, 0, -1.99986, 0, -0.0117834, -6.52015, 0.159842, 1.25827 )

[node name="Road Straight3" parent="RoadNode" instance=ExtResource( 4 )]
transform = Transform( 2, 0, 0, 0, 1, 0, 0, 0, 1, -11.3421, 0.159842, -1.32616 )

[node name="Road Straight4" parent="RoadNode" instance=ExtResource( 4 )]
transform = Transform( 2, 0, 0, 0, 1, 0, 0, 0, 1, -11.3421, 0.159842, -3.30244 )

[node name="Road Straight5" parent="RoadNode" instance=ExtResource( 4 )]
transform = Transform( 2, 0, 0, 0, 1, 0, 0, 0, 1, -11.2548, 0.794154, -8.26965 )

[node name="Curvy Road" parent="RoadNode" instance=ExtResource( 5 )]
transform = Transform( -0.00762231, 0, 0.999993, 0, 1, 0, -1.99999, 0, -0.00381116, -4.5352, 0.170249, 0.245006 )

[node name="Start Position" parent="RoadNode" instance=ExtResource( 6 )]
transform = Transform( -0.0472512, 0, 0.999721, 0, 1, 0, -1.99944, 0, -0.0236256, 0.409096, 0.161991, 0.140142 )

[node name="Arrow" parent="RoadNode" instance=ExtResource( 7 )]
transform = Transform( -0.049802, 0, 0.99969, 0, 1, 0, -1.99938, 0, -0.024901, -1.56212, 0.153468, 0.176917 )

[node name="Curve" parent="RoadNode" instance=ExtResource( 8 )]
transform = Transform( -0.0235667, 0, 0.999931, 0, 1, 0, -1.99986, 0, -0.0117834, -8.5252, 0.0684259, 1.29564 )

[node name="Curve2" parent="RoadNode" instance=ExtResource( 8 )]
transform = Transform( -0.0235667, 0, 0.999931, 0, 1, 0, -1.99986, 0, -0.0117834, -9.18012, 0.0684259, 1.29564 )

[node name="Ramp1" parent="RoadNode" instance=ExtResource( 9 )]
transform = Transform( 0.999302, 0, -0.0373495, 0, 1, 0, 0.0373495, 0, 0.999302, -10.7964, 0.0750342, -5.27247 )
mode = 1

[node name="Ramp3" parent="RoadNode" instance=ExtResource( 9 )]
transform = Transform( 0.999302, 0, -0.0373495, 0, 1, 0, 0.0373495, 0, 0.999302, -10.7584, 0.32105, -6.27582 )
mode = 1

[node name="Ramp5" parent="RoadNode" instance=ExtResource( 9 )]
transform = Transform( 0.999302, 0, -0.0373495, 0, 1, 0, 0.0373495, 0, 0.999302, -10.718, 0.566063, -7.27552 )
mode = 1

[node name="Ramp6" parent="RoadNode" instance=ExtResource( 9 )]
transform = Transform( 0.999302, 0, -0.0373495, 0, 1, 0, 0.0373495, 0, 0.999302, -11.5546, 0.566063, -7.27552 )
mode = 1

[node name="Ramp4" parent="RoadNode" instance=ExtResource( 9 )]
transform = Transform( 0.999302, 0, -0.0373495, 0, 1, 0, 0.0373495, 0, 0.999302, -11.5921, 0.319723, -6.28505 )
mode = 1

[node name="Ramp7" parent="RoadNode" instance=ExtResource( 9 )]
transform = Transform( -4.37114e-08, 0, -1, 0, 1, 0, 1, 0, -4.37114e-08, -14.6012, 0.833525, -2.75363 )
mode = 1

[node name="Ramp11" parent="RoadNode" instance=ExtResource( 9 )]
transform = Transform( -3.69685e-08, 0.533595, -0.84574, 2.33242e-08, 0.84574, 0.533595, 1, 0, -4.37114e-08, -3.45301, 0.744172, -8.53763 )
mode = 1

[node name="Ramp12" parent="RoadNode" instance=ExtResource( 9 )]
transform = Transform( -3.71816e-08, 0.525788, -0.850615, 2.29829e-08, 0.850615, 0.525788, 1, 0, -4.37114e-08, -3.45301, 0.723428, -7.68303 )
mode = 1

[node name="Ramp8" parent="RoadNode" instance=ExtResource( 9 )]
transform = Transform( -4.37114e-08, 0, -1, 0, 1, 0, 1, 0, -4.37114e-08, -14.6012, 0.833525, -1.99975 )
mode = 1

[node name="Ramp9" parent="RoadNode" instance=ExtResource( 9 )]
transform = Transform( -4.37114e-08, 0, -1, 0, 1, 0, 1, 0, -4.37114e-08, -13.5964, 1.09412, -1.99975 )
mode = 1

[node name="Ramp10" parent="RoadNode" instance=ExtResource( 9 )]
transform = Transform( -4.37114e-08, 0, -1, 0, 1, 0, 1, 0, -4.37114e-08, -13.5964, 1.09412, -2.74929 )
mode = 1

[node name="Ramp2" parent="RoadNode" instance=ExtResource( 9 )]
transform = Transform( 0.999302, 0, -0.0373495, 0, 1, 0, 0.0373495, 0, 0.999302, -11.6311, 0.0689797, -5.30869 )
mode = 1

[node name="Curve3" parent="RoadNode" instance=ExtResource( 10 )]
transform = Transform( -4.37114e-08, 0, -1, 0, 1, 0, 1, 0, -4.37114e-08, -14.5457, 0.726289, -13.5825 )
mode = 1

[node name="Curve4" parent="RoadNode" instance=ExtResource( 10 )]
transform = Transform( -4.37114e-08, 0, -1, 0, 1, 0, 1, 0, -4.37114e-08, -13.7872, 0.726289, -13.5825 )
mode = 1

[node name="Curve5" parent="RoadNode" instance=ExtResource( 10 )]
transform = Transform( -4.37114e-08, 0, -1, 0, 1, 0, 1, 0, -4.37114e-08, -14.549, 0.726289, -14.3432 )
mode = 1

[node name="Curve6" parent="RoadNode" instance=ExtResource( 10 )]
transform = Transform( 1, 0, 0, 0, 1, 0, 0, 0, 1, -16.5634, 0.726289, -11.0482 )
mode = 1

[node name="Curve7" parent="RoadNode" instance=ExtResource( 10 )]
transform = Transform( 1, 0, 0, 0, 1, 0, 0, 0, 1, -16.5551, 0.726289, -10.2686 )
mode = 1

[node name="Curve8" parent="RoadNode" instance=ExtResource( 10 )]
transform = Transform( 1, 0, 0, 0, 1, 0, 0, 0, 1, -17.3395, 0.726289, -10.2686 )
mode = 1

[node name="Curve9" parent="RoadNode" instance=ExtResource( 10 )]
transform = Transform( -4.37114e-08, 0, 1, 0, 1, 0, -1, 0, -4.37114e-08, -13.2927, 0.726289, -2.4705 )
mode = 1

[node name="Curve10" parent="RoadNode" instance=ExtResource( 10 )]
transform = Transform( -4.37114e-08, 0, 1, 0, 1, 0, -1, 0, -4.37114e-08, -14.0422, 0.726289, -2.4705 )
mode = 1

[node name="Curve11" parent="RoadNode" instance=ExtResource( 10 )]
transform = Transform( -4.37114e-08, 0, 1, 0, 1, 0, -1, 0, -4.37114e-08, -13.2904, 0.726289, -1.67036 )
mode = 1

[node name="Curve12" parent="RoadNode" instance=ExtResource( 10 )]
transform = Transform( -1, 0, -8.74228e-08, 0, 1, 0, 8.74228e-08, 0, -1, -5.91499, 0.290712, -4.88947 )
mode = 1

[node name="Curve13" parent="RoadNode" instance=ExtResource( 10 )]
transform = Transform( -1, 0, -8.74228e-08, 0, 1, 0, 8.74228e-08, 0, -1, -5.94509, 0.300838, -5.72234 )
mode = 1

[node name="Curve14" parent="RoadNode" instance=ExtResource( 10 )]
transform = Transform( -1, 0, -8.74228e-08, 0, 1, 0, 8.74228e-08, 0, -1, -5.157, 0.288986, -5.76937 )
mode = 1

[node name="Curve15" parent="RoadNode" instance=ExtResource( 10 )]
transform = Transform( 1, 0, 0, 0, 1, 0, 0, 0, 1, -5.46682, 0.314739, -4.41719 )
mode = 1

[node name="Curve16" parent="RoadNode" instance=ExtResource( 10 )]
transform = Transform( 1, 0, 0, 0, 1, 0, 0, 0, 1, -6.23751, 0.305399, -4.40978 )
mode = 1

[node name="Curve17" parent="RoadNode" instance=ExtResource( 10 )]
transform = Transform( 1, 0, 0, 0, 1, 0, 0, 0, 1, -5.45018, 0.295657, -5.28318 )
mode = 1

[node name="Curve18" parent="RoadNode" instance=ExtResource( 10 )]
transform = Transform( -1, 0, -8.74228e-08, 0, 1, 0, 8.74228e-08, 0, -1, 6.63411, -0.0228279, -10.7163 )
mode = 1

[node name="Curve19" parent="RoadNode" instance=ExtResource( 10 )]
transform = Transform( -1, 0, -8.74228e-08, 0, 1, 0, 8.74228e-08, 0, -1, 6.63411, -0.0228279, -11.4995 )
mode = 1

[node name="Curve20" parent="RoadNode" instance=ExtResource( 10 )]
transform = Transform( -1, 0, -8.74228e-08, 0, 1, 0, 8.74228e-08, 0, -1, 7.42262, -0.0228279, -11.4995 )
mode = 1

[node name="Road" parent="RoadNode" instance=ExtResource( 11 )]
transform = Transform( 2, 0, 0, 0, 1, 0, 0, 0, 1, -11.2672, 0.823676, -8.26801 )
mode = 1

[node name="Road2" parent="RoadNode" instance=ExtResource( 11 )]
transform = Transform( 2, 0, 0, 0, 1, 0, 0, 0, 1, -17.0986, 0.823676, -8.26801 )
mode = 1

[node name="Road3" parent="RoadNode" instance=ExtResource( 11 )]
transform = Transform( 2, 0, 0, 0, 1, 0, 0, 0, 1, -17.0986, 0.823676, -6.37419 )
mode = 1

[node name="Road4" parent="RoadNode" instance=ExtResource( 11 )]
transform = Transform( 2, 0, 0, 0, 1, 0, 0, 0, 1, -17.0986, 0.823676, -4.45552 )
mode = 1

[node name="Road5" parent="RoadNode" instance=ExtResource( 12 )]
transform = Transform( -4.37114e-08, 0, 1, 0.00506884, 0.999987, 2.21566e-10, -0.999987, 0.00506884, -4.37108e-08, -7.91256, 0.385391, -1.59267 )
mode = 1

[node name="Road6" parent="RoadNode" instance=ExtResource( 12 )]
transform = Transform( -4.37114e-08, 0, 1, 0, 1, 0, -1, 0, -4.37114e-08, -7.91883, 0.401767, -2.41647 )
mode = 1

[node name="Road7" parent="RoadNode" instance=ExtResource( 12 )]
transform = Transform( -4.37114e-08, 0, 1, 0, 1, 0, -1, 0, -4.37114e-08, 0.655893, 0.0888596, -7.39611 )
mode = 1

[node name="Road8" parent="RoadNode" instance=ExtResource( 12 )]
transform = Transform( -4.37114e-08, 0, 1, 0, 1, 0, -1, 0, -4.37114e-08, 0.670518, 0.0888596, -8.22662 )
mode = 1

[node name="Road9" parent="RoadNode" instance=ExtResource( 12 )]
transform = Transform( -4.37114e-08, 0, 1, 0, 1, 0, -1, 0, -4.37114e-08, 2.64301, 0.0888596, -8.22662 )
mode = 1

[node name="Road10" parent="RoadNode" instance=ExtResource( 12 )]
transform = Transform( -4.37114e-08, 0, 1, 0, 1, 0, -1, 0, -4.37114e-08, 2.64258, 0.0888596, -7.41206 )
mode = 1

[node name="Road37" parent="RoadNode" instance=ExtResource( 12 )]
transform = Transform( 1, 0, 0, 0, 1, 0, 0, 0, 1, 2.24849, 0.0888596, -0.313124 )
mode = 1

[node name="Road40" parent="RoadNode" instance=ExtResource( 12 )]
transform = Transform( 1, 0, 0, 0, 1, 0, 0, 0, 1, 2.24849, 0.0888596, 3.4105 )
mode = 1

[node name="Road45" parent="RoadNode" instance=ExtResource( 12 )]
transform = Transform( 1, 0, 0, 0, 1, 0, 0, 0, 1, 2.24849, 0.0888596, 5.37039 )
mode = 1

[node name="Road46" parent="RoadNode" instance=ExtResource( 12 )]
editor/display_folded = true
transform = Transform( 1, 0, 0, 0, 1, 0, 0, 0, 1, 2.24849, 0.0888596, 7.18166 )
mode = 1

[node name="Scene Root" parent="RoadNode/Road46" instance=ExtResource( 13 )]
transform = Transform( -1, 0, -8.74228e-08, 0, 1, 0, 8.74228e-08, 0, -1, 0.28536, -0.0204339, -3.22211 )

[node name="Road39" parent="RoadNode" instance=ExtResource( 12 )]
transform = Transform( -4.36907e-08, 0.0307715, 0.999527, 1.34506e-09, 0.999527, -0.0307715, -1, 0, -4.37114e-08, 1.64189, 0.0711105, 0.439359 )
mode = 1

[node name="Road41" parent="RoadNode" instance=ExtResource( 12 )]
transform = Transform( 1, 0, 0, 0, 1, 0, 0, 0, 1, 1.45009, 0.0888596, -2.31458 )
mode = 1

[node name="Road44" parent="RoadNode" instance=ExtResource( 12 )]
transform = Transform( 1, 0, 0, 0, 1, 0, 0, 0, 1, 1.45009, 0.0888596, -4.31089 )
mode = 1

[node name="Road42" parent="RoadNode" instance=ExtResource( 12 )]
transform = Transform( 1, 0, 0, 0, 1, 0, 0, 0, 1, 2.25838, 0.0888596, -2.31458 )
mode = 1

[node name="Road43" parent="RoadNode" instance=ExtResource( 12 )]
transform = Transform( 1, 0, 0, 0, 1, 0, 0, 0, 1, 2.25838, 0.0888596, -4.30072 )
mode = 1

[node name="Road11" parent="RoadNode" instance=ExtResource( 12 )]
transform = Transform( -4.37114e-08, 0, 1, 0, 1, 0, -1, 0, -4.37114e-08, 4.63772, 0.0888596, -7.41206 )
mode = 1

[node name="Road12" parent="RoadNode" instance=ExtResource( 12 )]
transform = Transform( -4.37114e-08, 0, 1, 0, 1, 0, -1, 0, -4.37114e-08, 4.6277, 0.0888596, -8.22204 )
mode = 1

[node name="Road15" parent="RoadNode" instance=ExtResource( 12 )]
transform = Transform( 1, 0, 0, 0, 1, 0, 0, 0, 1, 6.33539, 0.0888596, -16.2091 )
mode = 1

[node name="Road19" parent="RoadNode" instance=ExtResource( 12 )]
transform = Transform( 1, 0, 0, 0, 1, 0, 0, 0, 1, 6.33539, -3.68966, -23.0149 )
mode = 1

[node name="Road20" parent="RoadNode" instance=ExtResource( 12 )]
transform = Transform( 1, 0, 0, 0, 1, 0, 0, 0, 1, 5.543, -3.68966, -23.0149 )
mode = 1

[node name="Road23" parent="RoadNode" instance=ExtResource( 12 )]
transform = Transform( 1, 0, 0, 0, 1, 0, 0, 0, 1, 5.543, -3.68966, -21.0426 )
mode = 1

[node name="Scene Root2" parent="RoadNode/Road23" instance=ExtResource( 14 )]
transform = Transform( 1, 0, 0, 0, 1, 0, 0, 0, 1, -6.45525, -0.0303524, -5.71281 )

[node name="Scene Root4" parent="RoadNode/Road23" instance=ExtResource( 15 )]
transform = Transform( 0.25541, 0, 0.966833, 0, 1, 0, -0.966833, 0, 0.25541, -0.895615, -0.0145798, -0.952972 )

[node name="Scene Root5" parent="RoadNode/Road23" instance=ExtResource( 16 )]
transform = Transform( 0.154719, 0, 0.987959, 0, 1, 0, -0.987959, 0, 0.154719, -1.15692, -0.0675752, -3.68314 )

[node name="Scene Root7" parent="RoadNode/Road23" instance=ExtResource( 16 )]
transform = Transform( 0.154719, 0, 0.987959, 0, 1, 0, -0.987959, 0, 0.154719, -8.0129, -0.0675752, -7.519 )

[node name="Scene Root16" parent="RoadNode/Road23" instance=ExtResource( 16 )]
transform = Transform( 0.692235, 0, 0.721672, 0, 1, 0, -0.721672, 0, 0.692235, -11.8306, -0.0675752, -10.9961 )

[node name="Scene Root17" parent="RoadNode/Road23" instance=ExtResource( 16 )]
transform = Transform( 0.692235, 0, 0.721672, 0, 1, 0, -0.721672, 0, 0.692235, -5.40618, -0.0675752, -11.8166 )

[node name="Scene Root14" parent="RoadNode/Road23" instance=ExtResource( 16 )]
transform = Transform( 0.154719, 0, 0.987959, 0, 1, 0, -0.987959, 0, 0.154719, -4.65399, -0.0675752, -4.60251 )

[node name="Scene Root11" parent="RoadNode/Road23" instance=ExtResource( 16 )]
transform = Transform( 0.154719, 0, 0.987959, 0, 1, 0, -0.987959, 0, 0.154719, -2.40307, -0.0675752, -7.00129 )

[node name="Scene Root12" parent="RoadNode/Road23" instance=ExtResource( 16 )]
transform = Transform( 0.154719, 0, 0.987959, 0, 1, 0, -0.987959, 0, 0.154719, 1.94348, -0.0675752, -2.49097 )

[node name="Scene Root6" parent="RoadNode/Road23" instance=ExtResource( 17 )]
transform = Transform( 1, 0, 0, 0, 1, 0, 0, 0, 1, -1.05171, -0.0870099, -5.26184 )

[node name="Scene Root13" parent="RoadNode/Road23" instance=ExtResource( 17 )]
transform = Transform( 1, 0, 0, 0, 1, 0, 0, 0, 1, 0.919523, -0.0870099, -9.85831 )

[node name="Scene Root8" parent="RoadNode/Road23" instance=ExtResource( 18 )]
transform = Transform( 1, 0, 0, 0, 1, 0, 0, 0, 1, -11.0842, -0.122988, -5.89982 )

[node name="Scene Root9" parent="RoadNode/Road23" instance=ExtResource( 19 )]
transform = Transform( 1, 0, 0, 0, 1, 0, 0, 0, 1, 1.57714, -0.0870099, -4.31391 )

[node name="Scene Root15" parent="RoadNode/Road23" instance=ExtResource( 19 )]
transform = Transform( 1, 0, 0, 0, 1, 0, 0, 0, 1, -7.89967, -0.0870099, -11.4816 )

[node name="Scene Root10" parent="RoadNode/Road23" instance=ExtResource( 20 )]
transform = Transform( 1, 0, 0, 0, 1, 0, 0, 0, 1, -0.784811, -0.0870099, -10.0144 )

[node name="Road24" parent="RoadNode" instance=ExtResource( 12 )]
transform = Transform( 1, 0, 0, 0, 1, 0, 0, 0, 1, 6.33958, -3.68966, -21.0426 )
mode = 1

[node name="Road21" parent="RoadNode" instance=ExtResource( 12 )]
transform = Transform( 1, 0, 0, 0, 1, 0, 0, 0, 1, 5.543, -3.68966, -25.0007 )
mode = 1

[node name="Road25" parent="RoadNode" instance=ExtResource( 12 )]
transform = Transform( -4.37114e-08, 0, 1, 0, 1, 0, -1, 0, -4.37114e-08, 3.84296, -3.70872, -29.8333 )
mode = 1

[node name="Road26" parent="RoadNode" instance=ExtResource( 12 )]
transform = Transform( -4.37114e-08, 0, 1, 0, 1, 0, -1, 0, -4.37114e-08, 3.8378, -3.70828, -30.6279 )
mode = 1

[node name="Road27" parent="RoadNode" instance=ExtResource( 12 )]
transform = Transform( -4.37114e-08, 0, 1, 0, 1, 0, -1, 0, -4.37114e-08, 1.91082, -3.69936, -30.6279 )
mode = 1

[node name="Road28" parent="RoadNode" instance=ExtResource( 12 )]
transform = Transform( -4.37114e-08, 0, 1, 0, 1, 0, -1, 0, -4.37114e-08, 1.91428, -3.69597, -29.8322 )
mode = 1

[node name="Road29" parent="RoadNode" instance=ExtResource( 12 )]
transform = Transform( -4.37114e-08, 0, 1, 0, 1, 0, -1, 0, -4.37114e-08, -0.0844402, -3.68966, -29.8342 )
mode = 1

[node name="Road30" parent="RoadNode" instance=ExtResource( 12 )]
transform = Transform( -4.37114e-08, 0, 1, 0, 1, 0, -1, 0, -4.37114e-08, -0.0797284, -3.68966, -30.6339 )
mode = 1

[node name="Road31" parent="RoadNode" instance=ExtResource( 12 )]
transform = Transform( -4.37114e-08, 0, 1, 0, 1, 0, -1, 0, -4.37114e-08, -2.08848, -3.68966, -30.6339 )
mode = 1

[node name="Road32" parent="RoadNode" instance=ExtResource( 12 )]
transform = Transform( -4.37114e-08, 0, 1, 0, 1, 0, -1, 0, -4.37114e-08, -2.09435, -3.68966, -29.8327 )
mode = 1

[node name="Road33" parent="RoadNode" instance=ExtResource( 12 )]
transform = Transform( -4.37114e-08, 0, 1, 0, 1, 0, -1, 0, -4.37114e-08, -2.14875, -3.68966, -24.8289 )
mode = 1

[node name="Road35" parent="RoadNode" instance=ExtResource( 12 )]
transform = Transform( -4.37114e-08, 0, 1, 0, 1, 0, -1, 0, -4.37114e-08, -0.197426, -3.68966, -24.8289 )
mode = 1

[node name="Road36" parent="RoadNode" instance=ExtResource( 12 )]
transform = Transform( -4.37114e-08, 0, 1, 0, 1, 0, -1, 0, -4.37114e-08, -0.197426, -3.68966, -24.0597 )
mode = 1

[node name="Road34" parent="RoadNode" instance=ExtResource( 12 )]
transform = Transform( -4.37114e-08, 0, 1, 0, 1, 0, -1, 0, -4.37114e-08, -2.14875, -3.68966, -24.06 )
mode = 1

[node name="Road22" parent="RoadNode" instance=ExtResource( 12 )]
transform = Transform( 1, 0, 0, 0, 1, 0, 0, 0, 1, 6.32566, -3.68966, -25.0007 )
mode = 1

[node name="Road16" parent="RoadNode" instance=ExtResource( 12 )]
transform = Transform( 1, 0, 0, 0, 1, 0, 0, 0, 1, 7.11785, 0.0888596, -16.2091 )
mode = 1

[node name="Road17" parent="RoadNode" instance=ExtResource( 12 )]
transform = Transform( 1, 0, 0, 0, 1, 0, 0, 0, 1, 7.11785, 0.0888596, -18.1799 )
mode = 1

[node name="Road18" parent="RoadNode" instance=ExtResource( 12 )]
transform = Transform( 1, 0, 0, 0, 1, 0, 0, 0, 1, 6.32782, 0.0888596, -18.1799 )
mode = 1

[node name="Road13" parent="RoadNode" instance=ExtResource( 12 )]
transform = Transform( 1, 0, 0, 0, 1, 0, 0, 0, 1, 7.12433, 0.58787, -12.1741 )
mode = 1

[node name="Road14" parent="RoadNode" instance=ExtResource( 12 )]
transform = Transform( 1, 0, 0, 0, 1, 0, 0, 0, 1, 6.34063, 0.58787, -12.1741 )
mode = 1

[node name="Ramp" parent="RoadNode" instance=ExtResource( 21 )]
transform = Transform( 1, 0, 0, 0, 1, 0, 0, 0, 1, 7.1376, 0.0937724, -10.1755 )
mode = 1

[node name="Ramp13" parent="RoadNode" instance=ExtResource( 21 )]
transform = Transform( 1, 0, 0, 0, 1, 0, 0, 0, 1, 6.34028, 0.0937724, -10.1739 )
mode = 1

[node name="Ramp14" parent="RoadNode" instance=ExtResource( 21 )]
transform = Transform( -1, 0, -8.74228e-08, 0, 1, 0, 8.74228e-08, 0, -1, 7.41024, 0.0937724, -17.5154 )
mode = 1

[node name="Ramp15" parent="RoadNode" instance=ExtResource( 21 )]
transform = Transform( -1, 0, -8.74228e-08, 0, 1, 0, 8.74228e-08, 0, -1, 6.63998, 0.0937724, -17.5154 )
mode = 1

[node name="Curve21" parent="RoadNode" instance=ExtResource( 10 )]
transform = Transform( -4.37114e-08, 0, -1, 0, 1, 0, 1, 0, -4.37114e-08, 3.31568, -3.82157, -30.1527 )
mode = 1

[node name="Curve22" parent="RoadNode" instance=ExtResource( 10 )]
transform = Transform( -4.37114e-08, 0, -1, 0, 1, 0, 1, 0, -4.37114e-08, 2.52633, -3.81651, -30.1527 )
mode = 1

[node name="Curve23" parent="RoadNode" instance=ExtResource( 10 )]
transform = Transform( -4.37114e-08, 0, -1, 0, 1, 0, 1, 0, -4.37114e-08, 2.52633, -3.82157, -30.9271 )
mode = 1

[node name="Curve24" parent="RoadNode" instance=ExtResource( 10 )]
transform = Transform( 1, 0, 0, 0, 1, 0, 0, 0, 1, -7.42206, -3.81084, -27.6582 )
mode = 1

[node name="Curve25" parent="RoadNode" instance=ExtResource( 10 )]
transform = Transform( 1, 0, 0, 0, 1, 0, 0, 0, 1, -7.42206, -3.81084, -26.8294 )
mode = 1

[node name="Curve26" parent="RoadNode" instance=ExtResource( 10 )]
transform = Transform( 1, 0, 0, 0, 1, 0, 0, 0, 1, -8.18835, -3.81084, -26.8294 )
mode = 1

[node name="Curve27" parent="RoadNode" instance=ExtResource( 10 )]
transform = Transform( -4.37114e-08, 0, 1, 0, 1, 0, -1, 0, -4.37114e-08, -4.88162, -3.81084, -24.8198 )
mode = 1

[node name="Curve28" parent="RoadNode" instance=ExtResource( 10 )]
transform = Transform( -4.37114e-08, 0, 1, 0, 1, 0, -1, 0, -4.37114e-08, -4.11613, -3.81084, -24.8198 )
mode = 1

[node name="Curve29" parent="RoadNode" instance=ExtResource( 10 )]
transform = Transform( -4.37114e-08, 0, 1, 0, 1, 0, -1, 0, -4.37114e-08, -4.11613, -3.81084, -24.0613 )
mode = 1

[node name="Curve30" parent="RoadNode" instance=ExtResource( 10 )]
transform = Transform( -4.37114e-08, 0, -1, 0, 1, 0, 1, 0, -4.37114e-08, -1.50809, -3.81084, -25.123 )
mode = 1

[node name="Curve31" parent="RoadNode" instance=ExtResource( 10 )]
transform = Transform( -4.37114e-08, 0, -1, 0, 1, 0, 1, 0, -4.37114e-08, -0.728197, -3.81084, -24.3651 )
mode = 1

[node name="Curve32" parent="RoadNode" instance=ExtResource( 10 )]
transform = Transform( -4.37114e-08, 0, -1, 0, 1, 0, 1, 0, -4.37114e-08, -1.51504, -3.81084, -24.3651 )
mode = 1

[node name="Ramp16" parent="RoadNode" instance=ExtResource( 9 )]
transform = Transform( -1, 0, 8.74228e-08, -1.97791e-08, 0.97407, -0.226246, -8.51559e-08, -0.226246, -0.97407, 2.57567, -3.85636, -22.3626 )
mode = 1

[node name="Ramp19" parent="RoadNode" instance=ExtResource( 9 )]
transform = Transform( -1, 0, 8.74228e-08, -1.97791e-08, 0.97407, -0.226246, -8.51559e-08, -0.226246, -0.97407, 2.57567, -3.38978, -21.4448 )
mode = 1

[node name="Ramp20" parent="RoadNode" instance=ExtResource( 9 )]
transform = Transform( -1, 0, 8.74228e-08, -1.97791e-08, 0.97407, -0.226246, -8.51559e-08, -0.226246, -0.97407, 1.78943, -3.38978, -21.4448 )
mode = 1

[node name="Ramp21" parent="RoadNode" instance=ExtResource( 9 )]
transform = Transform( -1, 0, 8.74228e-08, -1.97791e-08, 0.97407, -0.226246, -8.51559e-08, -0.226246, -0.97407, 1.78943, -2.92284, -20.5282 )
mode = 1

[node name="Ramp22" parent="RoadNode" instance=ExtResource( 9 )]
transform = Transform( -1, 0, 8.74228e-08, -1.97791e-08, 0.97407, -0.226246, -8.51559e-08, -0.226246, -0.97407, 2.57018, -2.92284, -20.5282 )
mode = 1

[node name="Ramp23" parent="RoadNode" instance=ExtResource( 9 )]
transform = Transform( -1, 0, 8.74228e-08, -1.97791e-08, 0.97407, -0.226246, -8.51559e-08, -0.226246, -0.97407, 2.57018, -2.45122, -19.6188 )
mode = 1

[node name="Ramp24" parent="RoadNode" instance=ExtResource( 9 )]
transform = Transform( -1, 0, 8.74228e-08, -1.97791e-08, 0.97407, -0.226246, -8.51559e-08, -0.226246, -0.97407, 1.78475, -2.45122, -19.6188 )
mode = 1

[node name="Ramp25" parent="RoadNode" instance=ExtResource( 9 )]
transform = Transform( -1, 0, 8.74228e-08, -1.97791e-08, 0.97407, -0.226246, -8.51559e-08, -0.226246, -0.97407, 1.78475, -1.98637, -18.6965 )
mode = 1

[node name="Ramp26" parent="RoadNode" instance=ExtResource( 9 )]
transform = Transform( -1, 0, 8.74228e-08, -1.97791e-08, 0.97407, -0.226246, -8.51559e-08, -0.226246, -0.97407, 2.57913, -1.98637, -18.6965 )
mode = 1

[node name="Ramp27" parent="RoadNode" instance=ExtResource( 9 )]
transform = Transform( -1, 0, 8.74228e-08, -1.97791e-08, 0.97407, -0.226246, -8.51559e-08, -0.226246, -0.97407, 2.57913, -1.51615, -17.7678 )
mode = 1

[node name="Ramp28" parent="RoadNode" instance=ExtResource( 9 )]
transform = Transform( -1, 0, 8.74228e-08, -1.97791e-08, 0.97407, -0.226246, -8.51559e-08, -0.226246, -0.97407, 1.77346, -1.51615, -17.7678 )
mode = 1

[node name="Ramp29" parent="RoadNode" instance=ExtResource( 9 )]
transform = Transform( -1, 0, 8.74228e-08, -1.97791e-08, 0.97407, -0.226246, -8.51559e-08, -0.226246, -0.97407, 1.77346, -1.0448, -16.8468 )
mode = 1

[node name="Ramp30" parent="RoadNode" instance=ExtResource( 9 )]
transform = Transform( -1, 0, 8.74228e-08, -1.97791e-08, 0.97407, -0.226246, -8.51559e-08, -0.226246, -0.97407, 2.58133, -1.0448, -16.8468 )
mode = 1

[node name="Ramp31" parent="RoadNode" instance=ExtResource( 9 )]
transform = Transform( -1, 0, 8.74228e-08, -1.97791e-08, 0.97407, -0.226246, -8.51559e-08, -0.226246, -0.97407, 2.58133, -0.569742, -15.9334 )
mode = 1

[node name="Ramp45" parent="RoadNode" instance=ExtResource( 9 )]
transform = Transform( -1, 0, 8.74228e-08, -1.97791e-08, 0.97407, -0.226246, -8.51559e-08, -0.226246, -0.97407, 2.58133, -0.413845, -15.6335 )
mode = 1

[node name="Ramp46" parent="RoadNode" instance=ExtResource( 9 )]
transform = Transform( -1, 0, 8.74228e-08, -1.97791e-08, 0.97407, -0.226246, -8.51559e-08, -0.226246, -0.97407, 1.782, -0.413845, -15.6335 )
mode = 1

[node name="Ramp32" parent="RoadNode" instance=ExtResource( 9 )]
transform = Transform( -1, 0, 8.74228e-08, -1.97791e-08, 0.97407, -0.226246, -8.51559e-08, -0.226246, -0.97407, 1.77137, -0.576882, -15.9334 )
mode = 1

[node name="Ramp33" parent="RoadNode" instance=ExtResource( 9 )]
transform = Transform( -1, 0, 8.74228e-08, -1.97791e-08, 0.97407, -0.226246, -8.51559e-08, -0.226246, -0.97407, 1.77137, 0.0357906, -14.7266 )
mode = 1

[node name="Ramp34" parent="RoadNode" instance=ExtResource( 9 )]
transform = Transform( -1, 0, 8.74228e-08, -1.97791e-08, 0.97407, -0.226246, -8.51559e-08, -0.226246, -0.97407, 2.57724, 0.0492691, -14.7155 )
mode = 1

[node name="Ramp35" parent="RoadNode" instance=ExtResource( 9 )]
transform = Transform( -1, 0, 8.74228e-08, -1.97791e-08, 0.97407, -0.226246, -8.51559e-08, -0.226246, -0.97407, 2.57724, 0.521891, -13.8014 )
mode = 1

[node name="Ramp36" parent="RoadNode" instance=ExtResource( 9 )]
transform = Transform( -1, 0, 8.74228e-08, -1.97791e-08, 0.97407, -0.226246, -8.51559e-08, -0.226246, -0.97407, 1.76866, 0.497268, -13.8233 )
mode = 1

[node name="Ramp37" parent="RoadNode" instance=ExtResource( 9 )]
transform = Transform( -1, 0, 8.74228e-08, -1.97791e-08, 0.97407, -0.226246, -8.51559e-08, -0.226246, -0.97407, 1.76866, 0.960627, -12.9272 )
mode = 1

[node name="Ramp38" parent="RoadNode" instance=ExtResource( 9 )]
transform = Transform( -1, 0, 8.74228e-08, -1.97791e-08, 0.97407, -0.226246, -8.51559e-08, -0.226246, -0.97407, 2.57529, 0.987442, -12.8963 )
mode = 1

[node name="Ramp39" parent="RoadNode" instance=ExtResource( 9 )]
transform = Transform( -1, 0, 8.74228e-08, -1.97791e-08, 0.97407, -0.226246, -8.51559e-08, -0.226246, -0.97407, 2.57356, 1.43743, -11.9941 )
mode = 1

[node name="Ramp40" parent="RoadNode" instance=ExtResource( 9 )]
transform = Transform( -1, 0, 8.74228e-08, -1.97791e-08, 0.97407, -0.226246, -8.51559e-08, -0.226246, -0.97407, 1.76292, 1.42576, -12.0086 )
mode = 1

[node name="Ramp41" parent="RoadNode" instance=ExtResource( 9 )]
transform = Transform( -1, 0, 8.74228e-08, -1.97791e-08, 0.97407, -0.226246, -8.51559e-08, -0.226246, -0.97407, 1.77633, 1.89343, -11.106 )
mode = 1

[node name="Ramp42" parent="RoadNode" instance=ExtResource( 9 )]
transform = Transform( -1, 0, 8.74228e-08, -1.97791e-08, 0.97407, -0.226246, -8.51559e-08, -0.226246, -0.97407, 2.57533, 1.89861, -11.1039 )
mode = 1

[node name="Ramp43" parent="RoadNode" instance=ExtResource( 9 )]
